[[ 4.96714153e-03 -1.38264301e-03  6.47688538e-03 ...  2.19045563e-02
  -9.90536325e-03 -5.66297730e-03]
 [ 9.96513651e-04 -5.03475654e-03 -1.55066343e-02 ...  1.03246526e-02
  -1.51936997e-02 -4.84234073e-03]
 [ 1.26691115e-02 -7.07669466e-03  4.43819428e-03 ... -5.99392645e-03
  -2.12389572e-02 -5.25755022e-03]
 ...
 [ 6.64494323e-03 -4.93281333e-03  1.12824294e-05 ...  1.63267071e-02
   1.80625241e-03 -4.44629388e-03]
 [-8.25501612e-03  1.19469019e-02 -1.72516084e-03 ...  4.61553203e-03
   6.46319717e-03  5.02304189e-03]
 [-4.25684843e-03 -4.09969982e-03 -1.21127362e-04 ...  1.22946020e-02
   1.61097289e-02  1.38859007e-02]][[ 2.69563604e-06 -3.68671550e-06 -2.08918803e-06  3.11226853e-06
  -1.17375815e-05  4.54542905e-06  2.71475603e-06  4.66173040e-06
  -1.10185751e-06  1.24610457e-05 -7.01221529e-06 -1.33378538e-06
  -4.71426207e-06  4.65333698e-06  6.38984317e-06 -3.73960189e-07
  -5.05638455e-06 -1.47053880e-06  9.62811887e-06  9.47122072e-07
  -2.08712920e-06 -3.11300270e-06  1.93681638e-06  4.74162851e-06
  -1.23549336e-06  1.14206750e-06 -2.95735381e-06  1.11406672e-05
  -2.60273266e-06  2.13310513e-06 -4.60106251e-06  8.32611382e-07
  -3.78343547e-06 -7.31649503e-06 -6.08660014e-06  5.44567691e-07
   6.72252376e-07 -4.64266950e-06  4.16221796e-06 -4.56269693e-07
   5.48851788e-07  3.12230075e-06 -2.91569624e-06 -5.08433072e-06
  -7.12795477e-06  7.22127422e-07  1.81315741e-06  6.64800988e-07
   4.28204226e-06  2.37388138e-06  3.05420482e-06 -1.99204682e-06
   3.91983821e-06 -3.10678847e-06  5.40179736e-06 -6.71101289e-06
  -1.44785342e-07  9.69541592e-07 -4.76822832e-06 -1.81575466e-06
  -5.79727592e-06 -3.74652653e-09 -1.02475168e-06 -1.05941256e-06
   5.54854989e-07  5.72930158e-06  1.01760236e-06  6.76719725e-07
  -5.65111820e-06 -9.85390999e-06 -6.43588996e-07 -2.24673999e-06
  -6.14307719e-06 -1.94985102e-06 -8.50730079e-07  2.70708617e-06
  -1.19033049e-05 -3.36903816e-06  4.03052752e-06  4.33611386e-06
  -9.98284710e-06 -5.04040358e-06 -7.98274190e-06  3.29002032e-06
  -9.96219979e-07 -7.86102350e-07  2.98484977e-06  1.32388604e-06
   1.08918744e-06  8.23577899e-06  1.41240670e-06 -5.86522228e-06
  -3.38229961e-06  7.44115581e-06  3.01564809e-06 -9.44404794e-06
   7.81939873e-06 -3.25457954e-07 -5.72964552e-06  5.92018789e-06
   2.87555009e-06 -8.50094094e-06 -3.31008839e-06 -5.39028861e-06
   6.75004693e-06  2.07957894e-06 -6.25472882e-07 -5.41489385e-06
  -5.33370634e-07  1.66110632e-06 -1.46968657e-06  4.29426625e-06
  -3.17189073e-06 -3.48413225e-07 -5.62135519e-06 -1.33959504e-05
  -2.33416218e-06 -6.65142001e-06  1.28718607e-06 -1.44071220e-07
  -3.40159792e-06 -4.65215025e-06  6.56412304e-07 -3.06411549e-06
   3.20114264e-06 -1.84388949e-06 -3.45298684e-06  4.70732872e-06]][[-1.05351802e-03  8.05645837e-03  1.05805755e-02 ...  8.56642224e-03
  -4.71802683e-03 -7.81868265e-03]
 [-5.06669374e-03  1.79261195e-03  7.68885029e-03 ... -1.16788344e-05
   1.59234955e-02 -7.10190608e-03]
 [ 1.14899658e-02 -8.14005317e-03 -3.57526944e-03 ...  1.30736396e-02
  -2.54611664e-03  8.94538966e-03]
 ...
 [-1.04459008e-02 -1.25720117e-02 -4.85064573e-03 ... -1.63716746e-02
   2.62201795e-04 -1.67125300e-02]
 [ 6.09152516e-03 -7.19070624e-03 -1.34341605e-02 ...  1.71224297e-04
  -9.27099891e-03 -5.55130202e-03]
 [-1.00701830e-02 -3.26009672e-03  5.15301425e-03 ... -5.88770673e-03
   6.50402271e-04  8.52125277e-04]][[-2.71162763e-04  8.25250080e-04 -9.32801284e-05  1.33736361e-03
   3.56539570e-04 -7.11883839e-04 -3.69011709e-04 -3.47317900e-04
  -3.14687870e-04 -4.11809047e-04]]